00010
00020
00030
00040
00050
00060
00070
00080
00090
00100
00110
00120
00130
00140
00150
00160
00170
00180
00190
00200
00210
00220
00230
00240
00250
00260
00270
00280
00290
00300
00460
00470
01000
01010
01020
01030
01040
01050
01060
01070
01080
01090
01100
01110
01120
01130
01140
01150
01160
01170
01180
01340
02000
02010
02020
02030
02040
02050
02060
02070
02080
02090
02100
02110
02120
02130
02140
02150
02160
02170
02180
02190
02370
03000
03010
03020
03030
03040
03050
03060
03070
03080
03090
03100
03110
03120
03130
03140
03150
03160
03170
03180
03190
03200
03210
03220
04000
04010
04020
04030
04040
05000
05010
05020
05030
05040
05050
05060
05070
05080
05090
05100
05110
05120
05130
05140
05150
05330
05340
06000
06010
06020
06030
06040
06050
06060
06070
06080
06090
07000
07010
07020
07030
07040
07050
07060
07070
07080
07090
07100
07110
07120
07130
07140
07150
07160
07170
07180
07190
07370
08000
08001
08002
08003
08004
08005
08006
08007
08008
08009
100000
100001
100002
100100
100200
100300
100400
100500
110000
110100
110200
110300
110400
111000
111100
111200
111300
111400
11200
112000
11210
112100
11220
112200
11230
112300
11240
112400
11250
11260
11270
11280
11290
11300
113000
11301
11302
11303
11304
11305
11306
11307
113100
113200
113300
113400
11400
114000
11410
114100
11420
114200
11430
114300
11440
114400
11450
11460
11470
11480
11490
11500
11501
11502
11503
11504
11505
11506
11507
11600
11610
11620
11630
11640
11650
11660
11670
11680
11690
11700
11701
11702
11703
11704
11705
11706
11707
11708
11800
11810
11820
11830
11840
11850
11860
11870
11880
11890
11901
11902
11903
11915
11916
11917
11971
11971_
11972
11972_
11973
11974
11975
11976
11977
11978
11979
11980
11981
11982
12000
120000
12001
12002
12003
12004
12005
12006
12007
12010
120100
12020
120200
12030
120300
12040
120400
121000
121100
121200
121300
121400
12200
122000
122100
12220
122200
122300
12240
122400
12260
12280
123000
123100
123200
123300
12340
123400
12360
12380
12390
12400
124000
124100
124200
124300
124400
12480
12500
12520
12530
12540
12620
12640
12660
12670
12680
13000
130000
130100
13020
130200
13021
130300
13040
130400
13060
13080
13100
131000
131100
13120
131200
131300
13140
131400
13160
132000
132100
132200
132300
132400
133000
133100
133200
133300
133400
134000
134100
134200
134300
134400
14000
140000
140100
14020
140200
140300
14040
140400
14060
14080
14100
141000
141100
14120
141200
141300
14140
141400
14160
14180
14200
142000
142100
14220
142200
142300
142400
143000
143100
143200
143300
143400
144000
144100
144200
144300
144400
14500
14520
14540
14560
14570
15000
150000
150100
15020
150200
150300
15040
150400
15060
15080
15100
151000
151100
15120
151200
151300
15140
151400
15160
15180
15200
152000
152100
15220
152200
152300
15240
152400
153000
153100
153200
153300
153400
15370
15390
154000
15410
154100
154200
15430
154300
154400
16000
160000
160100
16020
160200
160300
16040
160400
16060
16080
16100
161000
161100
16120
161200
161300
16140
161400
16160
16180
16200
162000
162100
16220
162200
162300
162400
163000
163100
163200
163300
163400
164000
164100
164200
164300
164400
16500
16520
16540
16560
16570
17000
17020
17040
17060
17080
17100
17120
17140
17160
17180
17200
17220
17500
17520
17540
17560
18000
18010
18020
18030
18040
18050
18060
18070
18080
18090
18900
20000
20250
20500
20750
21000
21010
21020
21030
21040
21050
21060
21070
21080
21090
21500
21510
21520
21530
21540
21550
22000
25000
25040
27001
27002
27003
27004
27005
27006
27100
27101
27102
27103
27104
27105
27116
27117
27118
27119
27120
27121
27124
27400
27600
27610
27620
27799
27800
27801
27802
27803
27804
27805
27806
27807
27808
27809
27810
27811
27812
27813
27814
27815
27816
27817
27818
27819
27820
27821
27822
27823
27833
27834
27835
27836
27837
27838
27839
27840
27841
27842
27843
27844
27845
27846
27847
27848
27849
27850
27851
27852
27853
27863
27864
27865
27866
27867
27868
27869
27870
27871
27872
27873
27874
27875
27876
27877
27878
27879
27880
27881
27882
27883
27987
27988
27989
27990
27991
27992
27993
27994
27995
27996
27997
27999
28000
28001
28002
28003
28004
28005
28006
28007
28008
28009
28010
28011
28012
28013
28112
28960
29101
30000
30001
30002
30003
30004
30005
30006
30007
30008
30009
30010
30011
30012
30013
30014
30015
30016
30017
30018
30019
30020
30021
30022
30023
30024
30025
30026
30027
30028
30029
30030
30031
30032
30033
30034
30035
30036
30037
30038
30039
30040
30041
30042
30043
30044
30045
30046
30047
30048
30049
30050
30051
30052
30053
30054
30055
30056
30057
30058
30059
30060
30061
30062
30063
30064
30065
30066
30067
30068
30091
30092
30093
30094
30095
30096
30101
30102
30116
30120
30121
30122
30123
30124
30125
30126
30127
30128
30129
30130
30131
30132
30133
30134
30135
30136
30137
30138
30139
30140
30141
30142
30143
30144
30145
30146
30147
30148
30149
30150
30151
30152
30153
30154
30155
30156
30157
30158
30159
30160
30165
30166
30167
30168
30169
30170
30171
30172
30173
30174
30175
30176
30177
30178
30179
30180
30181
30182
30183
30184
30185
30186
30187
30188
30189
30190
30192
30193
30194
30195
30196
30197
30198
30199
30201
30202
30203
30204
30205
30210
30211
30212
30213
30214
30215
30216
30217
30218
30219
30220
30221
30222
30223
30224
30225
30226
30227
30228
30229
30251
30252
30253
30254
30255
30256
30257
30258
30259
30260
30261
30262
30263
30264
30265
30266
30267
30268
30269
30270
30300
30301
30302
30303
30304
30311
30312
30315
30316
30317
30318
30319
30320
30322
30323
30324
30326
30327
30329
30331
30332
30333
30500
30501
30502
30503
30504
30505
30506
30507
30508
30509
30510
30511
30512
30513
30514
30515
30516
30517
30518
30519
30520
30521
30522
30523
30526
30527
30528
30529
30530
30531
30532
30533
30534
30535
30536
30537
30538
30539
30540
30541
30542
30543
30544
30545
30546
30547
30548
30549
30550
30551
30552
30553
30554
30555
30556
30557
30558
30559
30560
30561
30562
30563
30564
30565
30566
30567
30568
30569
30570
30571
30572
30573
30574
30575
30576
30577
30578
30579
30580
30581
30582
30583
30584
30585
30586
31001
31002
31003
31004
31005
31006
31007
31008
31009
31012
31018
31019
31020
31022
31023
31024
31025
31026
31028
31029
31030
31031
31033
31034
31035
31037
31038
31039
31040
31042
31043
31044
31045
31046
31050
31052
31053
31055
31056
31057
31058
31061
31062
31063
31064
31065
31066
31067
31068
31069
31070
31071
31072
31076
31077
31078
31080
31081
31082
31083
31084
31085
31086
31087
31088
31089
31090
31091
31092
31093
31094
38050
38051
39044
39045
40001
40002
40003
40004
41001
41002
41003
41004
41005
41006
41007
41008
41009
41010
41011
41012
41013
41014
41015
41016
41017
41018
41019
41020
41021
41022
41023
41024
41025
41026
41027
41028
41055
41056
41057
41058
41059
41060
41061
41062
41063
41064
41065
41066
41067
41068
41069
41070
41071
41072
41073
41074
41075
41076
41077
41078
41079
41080
41081
41082
41083
41084
41117
41118
41119
41120
41121
41122
41125
41126
41137
41138
41139
41140
41141
41142
41143
41144
41153
41154
41155
41156
41157
41158
41159
41160
41161
41162
41163
41164
41165
41166
41167
41168
41169
41170
41171
41172
41173
41174
41175
41176
41177
41178
41179
41180
41181
41182
41183
41184
41185
41186
41187
41188
41189
41190
41191
41192
41193
41194
41195
41196
41197
41198
41199
41200
41201
41202
41203
41204
41205
41206
41207
41208
41209
41210
41211
41212
41213
41214
41215
41216
41324
41325
41328
41329
41330
41331
41332
41333
41334
41335
41336
41337
41338
41339
41340
41341
41342
41343
41344
41345
41346
41347
41348
41349
41350
41351
41352
41353
41354
41355
41356
41357
41358
41359
41360
41361
41362
41363
41364
41365
41366
41367
41368
41369
41370
41371
41372
41373
41374
41375
41376
41377
41378
41379
41380
41381
41382
41383
41384
41385
41386
41387
41388
41389
41390
41391
41472
41473
41476
41477
41480
41481
41482
41483
45001
45002
45003
45004
45005
45006
45007
45008
45009
45010
45053
45054
45055
45056
45057
45058
45061
45062
45075
45076
45077
45078
45079
45080
45087
45088
45089
45090
45091
45092
45093
45094
45095
45096
45160
45161
45164
45165
45166
45170
45171
45174
45175
45176
45177
50001
50002
50003
50006
50007
50008
50009
50010
50011
50015
50016
50017
50018
50019
50020
50021
50022
50023
50024
50025
50027
50031
50032
50033
50034
50035
50036
50037
50038
50039
50040
50042
50050
50051
50052
50053
50054
50055
50056
50058
50059
50061
50063
50064
50065
50067
50068
50083
50084
50085
50086
50087
50088
50089
50091
50092
50093
50094
50095
50096
50100
50101
50102
50107
50108
50109
50110
50111
50112
50113
50114
50115
50116
50123
50124
50125
50127
50128
50129
50130
50131
50132
50133
50134
50135
50136
50137
50150
50151
50152
50153
50154
50155
50156
50160
50161
50162
50163
50164
50165
50166
50167
50168
50169
50170
50171
50172
50173
50174
50175
50176
50177
50178
50179
50180
50181
50182
50183
50187
50197
50198
50200
50201
50215
50216
50217
50244
50245
50253
50255
50256
50257
50258
50259
50263
50264
50265
50307
50308
50309
50310
50322
50323
50324
50325
50326
50512
50513
50526
50527
50601
50602
50603
50604
50605
50606
50607
50608
50609
50610
50611
50612
50613
50614
50615
50616
50617
50618
50619
50621
50622
50623
50624
50625
50626
50627
50628
50629
50630
50631
50632
50633
50634
50635
50636
50637
50638
50639
50701
50702
50703
50704
50705
50706
50707
50708
50709
50710
50711
50712
50801
50802
50803
50804
50813
50814
50815
50816
50817
50818
50819
50820
50821
50822
50823
50824
50825
50826
50902
50903
50904
51001
51002
51003
51501
51505
51506
51517
51518
51519
51520
51521
51522
51548
51550
51551
51552
51553
51554
51555
51569
51570
51571
51572
51573
51574
51575
51639
51640
51641
51642
51643
51647
51648
51649
51650
51651
52701
53001
53002
53003
53005
53006
53008
53022
53023
53026
53222
53223
53224
53225
53226
53227
53501
60001
60002
60003
69200
69201
70001
70002
70003
70004
70005
70006
70007
70008
70009
70010
70011
70012
70013
70014
70015
70017
70018
70019
70020
70021
70022
70023
70024
70025
70026
70027
70028
70029
70030
70031
70032
70033
70034
70035
70036
70037
70038
70039
70040
70041
70042
70043
70044
70045
70048
70049
70050
70051
70056
70058
70059
70060
70061
70062
70101
70102
70104
70105
70106
70107
70201
70202
70203
70204
70205
70206
70207
70208
70251
70252
70253
70254
70301
70302
71001
71002
71003
71004
71008
71009
71011
71017
71018
71019
71020
71021
71022
71025
71027
71028
71029
71030
71032
71035
71036
71044
71045
71048
71049
71051
71052
71054
71055
71056
71057
71068
71069
71070
71071
71072
71073
71074
71080
71083
71084
71085
71094
71095
71096
71100
71101
71102
71103
71104
71105
71106
71107
71108
71109
71110
71111
71112
71113
71114
71115
71117
71119
71121
71122
71123
71124
71125
71126
71127
71128
71129
71130
71131
71136
71137
71138
71139
71140
71141
71142
71143
71144
71145
71146
71147
71148
71149
71150
71151
71152
71153
71158
71161
71162
71163
71173
71174
71178
71179
71180
71181
72049
72501
72502
72701
72703
72704
72705
72706
72707
72708
72723
72724
72725
72726
72727
72728
72729
72730
73001
73251
73501
73751
73787
76000
76001
76002
76003
76004
76005
76006
76007
76008
76009
76010
76011
76012
76013
76014
76015
76016
76017
76018
76019
76020
76021
76022
76023
76024
78001
78201
78401
78601
78801
80003
80004
80005
80006
80007
80008
80009
80014
80015
80016
80017
90009
90010
90011
90012
angry
attractive
banter
book_01
book_02
book_03
book_04
book_05
book_06
book_07
book_08
book_11
book_12
book_13
book_14
book_15
book_16
book_17
book_18
book_19
book_21
book_22
book_23
book_24
book_25
book_26
book_31
book_32
book_33
book_34
book_35
book_36
book_41
book_42
book_43
book_44
book_45
boss_box
cheerup
congratulation
dance1
dance2
dance3
dance4
dance5
dance6
dance7
dance8
deck1_1
deck1_2
deck1_3
deck2_1
deck2_2
deck2_3
dragonsoul_button_01
dragonsoul_button_02
dragonsoul_button_03
dragonticket
forgive
itemmallb
joy
mall_button_01
mall_button_02
mall_button_03
money
paystatus_blue
paystatus_red
paystatus_white
sad
scroll_close
scroll_open
shy
slot_disabled
slot_normal
